Training_RMSE:0.29551770267827365
Training_MAE:0.16668166695232337
Training_R2:0.9896578682319304
Test_RMSE:0.2803035797661066
Test_MAE:0.16553514241956313
Test_R2:0.9906119102400135
